13.155153
13.151559
13.147857
13.144043
13.140113
13.136065
13.131895
13.127601
13.123178
13.118624
13.113935
13.109107
13.104136
13.099019
13.093752
13.088331
13.082752
13.077010
13.071101
13.065022
13.058767
13.052332
13.045712
13.038902
13.031899
13.024695
13.017288
13.009671
13.001838
12.993786
12.985507
12.976997
12.968250
12.959259
12.950019
12.940525
12.930768
12.920745
12.910447
12.899869
12.889003
12.877844
12.866385
12.854618
12.842536
12.830134
12.817402
12.804335
12.790926
12.777165
12.763048
12.748565
12.733710
12.718474
12.702851
12.686833
12.670412
12.653582
12.636333
12.618659
12.600553
12.582007
12.563014
12.543566
12.523657
12.503279
12.482426
12.461091
12.439268
12.416950
12.394131
12.370806
12.346969
12.322615
12.297739
12.272336
12.246403
12.219935
12.192929
12.165383
12.137294
12.108659
12.079479
12.049751
12.019476
11.988654
11.957286
11.925374
11.892920
11.859927
11.826399
11.792341
11.757758
11.722656
11.687041
11.650923
11.614308
11.577207
11.539629
11.501585
11.463088
11.424149
11.384782
11.345002
11.304823
11.264260
11.223331
11.182052
11.140442
11.098517
11.056299
11.013805
10.971057
10.928074
10.884878
10.841490
10.797931
10.754225
10.710391
10.666454
10.622434
10.578355
10.534238
10.490107
10.445981
10.401884
10.357837
10.313861
10.269976
10.226202
10.182559
10.139066
10.095742
10.052604
10.009668
9.966952
9.924470
9.882237
9.840267
9.798573
9.757166
9.716057
9.675257
9.634774
9.594617
9.554792
9.515307
9.476166
9.437374
9.398935
9.360850
9.323121
9.285750
9.248737
9.212080
9.175778
9.139828
9.104228
9.068975
9.034062
8.999486
8.965242
8.931322
8.897720
8.864429
8.831442
8.798751
8.766347
8.734221
8.702366
8.670772
8.639428
8.608327
8.577457
8.546810
8.516375
8.486142
8.456101
8.426241
8.396554
8.367028
8.337654
8.308422
8.279321
8.250342
8.221476
8.192712
8.164042
8.135456
8.106945
8.078501
8.050115
8.021778
7.993482
7.965219
7.936983
7.908764
7.880556
7.852352
7.824145
7.795929
7.767698
7.739445
7.711165
7.682853
7.654504
7.626112
7.597674
7.569184
7.540639
7.512035
7.483369
7.454636
7.425835
7.396963
7.368017
7.338994
7.309893
7.280712
7.251449
7.222104
7.192675
7.163161
7.133561
7.103876
7.074105
7.044248
7.014305
6.984277
6.954164
6.923967
6.893687
6.863324
6.832882
6.802360
6.771760
6.741085
6.710335
6.679514
6.648623
6.617665
6.586642
6.555556
6.524411
6.493209
6.461952
6.430645
6.399289
6.367889
6.336447
6.304967
6.273452
6.241905
6.210330
6.178731
6.147111
6.115473
6.083822
6.052161
6.020494
5.988825
5.957157
5.925494
5.893840
5.862198
5.830573
5.798969
5.767388
5.735834
5.704313
5.672826
5.641378
5.609972
5.578612
5.547301
5.516043
5.484841
5.453699
5.422620
5.391607
5.360664
5.329792
5.298997
5.268279
5.237643
5.207091
5.176626
5.146250
5.115966
5.085777
5.055685
5.025692
4.995800
4.966011
4.936328
4.906752
4.877285
4.847929
4.818685
4.789556
4.760541
4.731644
4.702864
4.674203
4.645662
4.617242
4.588944
4.560769
4.532716
4.504787
4.476982
4.449301
4.421745
4.394314
4.367007
4.339826
4.312768
4.285836
4.259027
4.232342
4.205780
4.179341
4.153023
4.126827
4.100752
4.074796
4.048959
4.023239
3.997635
3.972147
3.946773
3.921511
3.896361
3.871320
3.846388
3.821562
3.796842
3.772224
3.747709
3.723293
3.698974
3.674752
3.650623
3.626586
3.602639
3.578780
3.555006
3.531315
3.507705
3.484174
3.460719
3.437337
3.414027
3.390786
3.367612
3.344501
3.321451
3.298461
3.275526
3.252644
3.229814
3.207031
3.184293
3.161598
3.138943
3.116325
3.093740
3.071187
3.048663
3.026164
3.003687
2.981231
2.958791
2.936365
2.913951
2.891545
2.869144
2.846746
2.824348
2.801946
2.779539
2.757122
2.734694
2.712251
2.689792
2.667312
2.644809
2.622281
2.599726
2.577139
2.554519
2.531864
2.509170
2.486436
2.463659
2.440836
2.417966
2.395046
2.372074
2.349048
2.325966
2.302826
2.279627
2.256366
2.233042
2.209654
2.186199
2.162677
2.139086
2.115425
2.091693
2.067889
2.044012
2.020061
1.996037
1.971937
1.947762
1.923511
1.899185
1.874783
1.850305
1.825751
1.801122
1.776419
1.751641
1.726789
1.701864
1.676868
1.651800
1.626663
1.601457
1.576183
1.550844
1.525441
1.499976
1.474450
1.448865
1.423223
1.397527
1.371779
1.345981
1.320135
1.294244
1.268310
1.242337
1.216327
1.190283
1.164207
1.138103
1.111973
1.085821
1.059650
1.033463
1.007263
0.981054
0.954839
0.928620
0.902403
0.876189
0.849982
0.823786
0.797604
0.771440
0.745297
0.719178
0.693087
0.667027
0.641002
0.615015
0.589069
0.563168
0.537316
0.511514
0.485768
0.460079
0.434451
0.408887
0.383391
0.357965
0.332612
0.307335
0.282137
0.257022
0.231991
0.207047
0.182193
0.157432
0.132766
0.108198
0.083730
0.059364
0.035102
0.010947
-0.013099
-0.037034
-0.060856
-0.084564
-0.108155
-0.131628
-0.154981
-0.178212
-0.201321
-0.224304
-0.247162
-0.269893
-0.292494
-0.314967
-0.337308
-0.359518
-0.381595
-0.403538
-0.425346
-0.447019
-0.468556
-0.489956
-0.511219
-0.532344
-0.553331
-0.574179
-0.594888
-0.615458
-0.635888
-0.656179
-0.676330
-0.696340
-0.716211
-0.735942
-0.755533
-0.774984
-0.794296
-0.813469
-0.832502
-0.851397
-0.870154
-0.888772
-0.907253
-0.925598
-0.943805
-0.961877
-0.979813
-0.997614
-1.015282
-1.032815
-1.050217
-1.067486
-1.084624
-1.101632
-1.118510
-1.135259
-1.151881
-1.168376
-1.184745
-1.200989
-1.217108
-1.233105
-1.248980
-1.264734
-1.280368
-1.295883
-1.311281
-1.326562
-1.341727
-1.356778
-1.371716
-1.386542
-1.401257
-1.415862
-1.430359
-1.444749
-1.459032
-1.473211
-1.487287
-1.501260
-1.515132
-1.528905
-1.542579
-1.556156
-1.569637
-1.583024
-1.596318
-1.609519
-1.622630
-1.635652
-1.648586
-1.661434
-1.674196
-1.686875
-1.699471
-1.711986
-1.724421
-1.736778
-1.749058
-1.761262
-1.773392
-1.785449
-1.797434
-1.809349
-1.821196
-1.832975
-1.844689
-1.856337
-1.867923
-1.879447
-1.890910
-1.902315
-1.913662
-1.924952
-1.936188
-1.947371
-1.958501
-1.969581
-1.980612
-1.991595
-2.002531
-2.013423
-2.024271
-2.035077
-2.045842
-2.056568
-2.067256
-2.077907
-2.088523
-2.099106
-2.109656
-2.120175
-2.130665
-2.141127
-2.151562
-2.161972
-2.172358
-2.182722
-2.193064
-2.203387
-2.213692
-2.223980
-2.234252
-2.244511
-2.254757
-2.264991
-2.275216
-2.285433
-2.295642
-2.305846
-2.316046
-2.326243
-2.336438
-2.346634
-2.356831
-2.367030
-2.377234
-2.387444
-2.397660
-2.407884
-2.418119
-2.428364
-2.438622
-2.448893
-2.459180
-2.469483
-2.479804
-2.490144
-2.500504
-2.510887
-2.521293
-2.531723
-2.542179
-2.552662
-2.563174
-2.573716
-2.584288
-2.594893
-2.605532
-2.616205
-2.626914
-2.637661
-2.648446
-2.659271
-2.670137
-2.681046
-2.691997
-2.702993
-2.714035
-2.725123
-2.736260
-2.747445
-2.758680
-2.769967
-2.781305
-2.792697
-2.804143
-2.815644
-2.827201
-2.838815
-2.850487
-2.862218
-2.874008
-2.885859
-2.897771
-2.909745
-2.921781
-2.933881
-2.946045
-2.958274
-2.970567
-2.982927
-2.995353
-3.007845
-3.020405
-3.033032
-3.045727
-3.058490
-3.071322
-3.084222
-3.097191
-3.110229
-3.123335
-3.136511
-3.149755
-3.163068
-3.176450
-3.189900
-3.203418
-3.217003
-3.230656
-3.244375
-3.258161
-3.272012
-3.285928
-3.299909
-3.313953
-3.328059
-3.342227
-3.356455
-3.370743
-3.385089
-3.399493
-3.413952
-3.428465
-3.443031
-3.457649
-3.472316
-3.487032
-3.501794
-3.516600
-3.531449
-3.546339
-3.561268
-3.576232
-3.591231
-3.606263
-3.621323
-3.636411
-3.651524
-3.666659
-3.681814
-3.696986
-3.712172
-3.727370
-3.742576
-3.757788
-3.773002
-3.788217
-3.803428
-3.818632
-3.833827
-3.849010
-3.864176
-3.879323
-3.894448
-3.909547
-3.924617
-3.939654
-3.954656
-3.969618
-3.984537
-3.999411
-4.014235
-4.029007
-4.043722
-4.058378
-4.072971
-4.087498
-4.101955
-4.116339
-4.130648
-4.144877
-4.159024
-4.173086
-4.187059
-4.200941
-4.214728
-4.228417
-4.242007
-4.255493
-4.268873
-4.282146
-4.295307
-4.308355
-4.321287
-4.334101
-4.346795
-4.359366
-4.371813
-4.384133
-4.396324
-4.408385
-4.420314
-4.432110
-4.443770
-4.455293
-4.466678
-4.477924
-4.489029
-4.499993
-4.510813
-4.521490
-4.532022
-4.542408
-4.552648
-4.562741
-4.572687
-4.582484
-4.592132
-4.601631
-4.610981
-4.620180
-4.629230
-4.638128
-4.646876
-4.655473
-4.663918
-4.672212
-4.680354
-4.688345
-4.696183
-4.703870
-4.711404
-4.718786
-4.726016
-4.733093
-4.740017
-4.746788
-4.753407
-4.759872
-4.766183
-4.772341
-4.778345
-4.784195
-4.789890
-4.795431
-4.800817
-4.806047
-4.811122
-4.816041
-4.820804
-4.825411
-4.829861
-4.834155
-4.838292
-4.842272
-4.846094
-4.849760
-4.853269
-4.856621
-4.859817
-4.862857
-4.865741
-4.868470
-4.871045
-4.873467
-4.875736
-4.877855
-4.879825
-4.881647
-4.883323
-4.884857
-4.886250
-4.887506
-4.888628
-4.889619
-4.890485
-4.891229
-4.891857
-4.892375
-4.892788
-4.893105
-4.893332
-4.893477
-4.893549
-4.893557
-4.893511
-4.893420
-4.893296
-4.893148
-4.892988
-4.892826
-4.892674
-4.892541
-4.892439
-4.892375
-4.892360
-4.892401
-4.892504
-4.892676
-4.892922
-4.893244
-4.893645
-4.894126
-4.894686
-4.895323
-4.896036
-4.896820
-4.897671
-4.898585
-4.899555
-4.900576
-4.901641
-4.902744
-4.903879
-4.905039
-4.906218
-4.907412
-4.908613
-4.909818
-4.911021
-4.912219
-4.913407
-4.914583
-4.915744
-4.916886
-4.918009
-4.919110
-4.920188
-4.921242
-4.922271
-4.923275
-4.924254
-4.925207
-4.926135
-4.927037
-4.927915
-4.928768
-4.929598
-4.930404
-4.931189
-4.931951
-4.932693
-4.933416
-4.934118
-4.934803
-4.935470
-4.936120
-4.936754
-4.937373
-4.937977
-4.938567
-4.939144
-4.939707
-4.940258
-4.940797
-4.941324
-4.941839
-4.942343
-4.942836
-4.943318
-4.943789
-4.944250
-4.944699
-4.945137
-4.945565
-4.945981
-4.946387
-4.946781
-4.947163
-4.947534
-4.947894
-4.948242
-4.948578
-4.948903
-4.949216
-4.949518
-4.949809
-4.950089
-4.950359
-4.950619
-4.950870
-4.951112
-4.951346
-4.951572
-4.951792
-4.952006
-4.952214
-4.952419
-4.952619
-4.952817
-4.953011
-4.953204
-4.953394
-4.953582
-4.953767
-4.953949
-4.954127
-4.954300
-4.954467
-4.954625
-4.954773
-4.954909
-4.955030
-4.955133
-4.955216
-4.955277
-4.955312
-4.955319
-4.955296
-4.955241
-4.955153
-4.955031
-4.954875
-4.954685
-4.954463
-4.954211
-4.953933
-4.953633
-4.953316
-4.952988
-4.952656
-4.952330
-4.952017
-4.951727
-4.951472
-4.951262
-4.951109
-4.951023
-4.951019
-4.951106
-4.951298
-4.951605
-4.952039
-4.952610
-4.953328
-4.954200
-4.955236
-4.956441
-4.957821
-4.959380
-4.961120
-4.963042
-4.965147
-4.967431
-4.969891
-4.972522
-4.975317
-4.978268
-4.981366
-4.984598
-4.987953
-4.991417
-4.994975
-4.998611
-5.002307
-5.006047
-5.009811
-5.013580
-5.017336
-5.021057
-5.024724
-5.028316
-5.031814
-5.035197
-5.038446
-5.041541
-5.044465
-5.047198
-5.049723
-5.052024
-5.054084
-5.055890
-5.057427
-5.058682
-5.059644
-5.060301
-5.060644
-5.060665
-5.060356
-5.059711
-5.058724
-5.057392
-5.055711
-5.053679
-5.051294
-5.048558
-5.045470
-5.042031
-5.038246
-5.034115
-5.029645
-5.024838
-5.019700
-5.014238
-5.008456
-5.002363
-4.995966
-4.989272
-4.982289
-4.975025
-4.967490
-4.959692
-4.951641
-4.943345
-4.934814
-4.926058
-4.917085
-4.907907
-4.898532
-4.888970
-4.879231
-4.869324
-4.859258
-4.849044
-4.838690
-4.828206
-4.817600
-4.806882
-4.796060
-4.785142
-4.774137
-4.763053
-4.751898
-4.740680
-4.729406
-4.718082
-4.706718
-4.695318
-4.683890
-4.672441
-4.660975
-4.649499
-4.638019
-4.626540
-4.615068
-4.603606
-4.592160
-4.580735
-4.569335
-4.557963
-4.546624
-4.535321
-4.524057
-4.512837
-4.501662
-4.490536
-4.479462
-4.468441
-4.457477
-4.446571
-4.435726
-4.424942
-4.414223
-4.403568
-4.392981
-4.382461
-4.372010
-4.361629
-4.351319
-4.341080
-4.330913
-4.320818
-4.310797
-4.300849
-4.290974
-4.281172
-4.271444
-4.261790
-4.252208
-4.242699
-4.233263
-4.223900
-4.214608
-4.205387
-4.196237
-4.187157
-4.178147
-4.169205
-4.160331
-4.151524
-4.142783
-4.134108
-4.125497
-4.116950
-4.108464
-4.100041
-4.091677
-4.083373
-4.075127
-4.066938
-4.058805
-4.050727
-4.042702
-4.034730
-4.026808
-4.018936
-4.011113
-4.003338
-3.995608
-3.987923
-3.980282
-3.972683
-3.965125
-3.957607
-3.950127
-3.942684
-3.935276
-3.927904
-3.920564
-3.913256
-3.905979
-3.898730
-3.891510
-3.884316
-3.877147
-3.870002
-3.862880
-3.855779
-3.848698
-3.841635
-3.834590
-3.827561
-3.820547
-3.813546
-3.806557
-3.799579
-3.792611
-3.785651
-3.778698
-3.771750
-3.764807
-3.757867
-3.750929
-3.743992
-3.737054
-3.730114
-3.723172
-3.716224
-3.709271
-3.702311
-3.695344
-3.688366
-3.681378
-3.674379
-3.667366
-3.660339
-3.653297
-3.646238
-3.639161
-3.632065
-3.624949
-3.617811
-3.610651
-3.603466
-3.596257
-3.589021
-3.581758
-3.574466
-3.567145
-3.559792
-3.552408
-3.544990
-3.537537
-3.530049
-3.522524
-3.514961
-3.507359
-3.499716
-3.492032
-3.484306
-3.476535
-3.468720
-3.460859
-3.452950
-3.444994
-3.436987
-3.428930
-3.420822
-3.412660
-3.404445
-3.396174
-3.387848
-3.379463
-3.371021
-3.362519
-3.353956
-3.345331
-3.336643
-3.327892
-3.319075
-3.310192
-3.301242
-3.292223
-3.283135
-3.273977
-3.264747
-3.255444
-3.246068
-3.236616
-3.227089
-3.217485
-3.207803
-3.198042
-3.188201
-3.178279
-3.168275
-3.158188
-3.148016
-3.137760
-3.127418
-3.116988
-3.106471
-3.095864
-3.085168
-3.074381
-3.063502
-3.052530
-3.041465
-3.030305
-3.019050
-3.007698
-2.996249
-2.984702
-2.973057
-2.961312
-2.949466
-2.937519
-2.925470
-2.913319
-2.901064
-2.888705
-2.876241
-2.863671
-2.850996
-2.838213
-2.825324
-2.812326
-2.799220
-2.786005
-2.772681
-2.759247
-2.745702
-2.732047
-2.718281
-2.704403
-2.690414
-2.676312
-2.662099
-2.647773
-2.633334
-2.618783
-2.604120
-2.589343
-2.574454
-2.559452
-2.544338
-2.529111
-2.513772
-2.498321
-2.482758
-2.467084
-2.451299
-2.435403
-2.419397
-2.403282
-2.387058
-2.370725
-2.354285
-2.337738
-2.321084
-2.304326
-2.287463
-2.270497
-2.253428
-2.236259
-2.218988
-2.201619
-2.184153
-2.166589
-2.148931
-2.131179
-2.113334
-2.095399
-2.077374
-2.059261
-2.041063
-2.022780
-2.004415
-1.985968
-1.967443
-1.948840
-1.930162
-1.911410
-1.892588
-1.873695
-1.854736
-1.835711
-1.816623
-1.797474
-1.778266
-1.759001
-1.739682
-1.720310
-1.700888
-1.681419
-1.661903
-1.642344
-1.622744
-1.603106
-1.583430
-1.563720
-1.543978
-1.524205
-1.504406
-1.484580
-1.464731
-1.444861
-1.424972
-1.405066
-1.385144
-1.365210
-1.345266
-1.325312
-1.305351
-1.285386
-1.265417
-1.245447
-1.225477
-1.205510
-1.185546
-1.165588
-1.145637
-1.125694
-1.105761
-1.085840
-1.065931
-1.046036
-1.026157
-1.006294
-0.986448
-0.966620
-0.946812
-0.927024
-0.907257
-0.887512
-0.867790
-0.848091
-0.828415
-0.808764
-0.789138
-0.769536
-0.749960
-0.730409
-0.710884
-0.691385
-0.671912
-0.652465
-0.633043
-0.613648
-0.594277
-0.574932
-0.555612
-0.536316
-0.517044
-0.497796
-0.478572
-0.459369
-0.440189
-0.421030
-0.401892
-0.382773
-0.363673
-0.344592
-0.325528
-0.306480
-0.287448
-0.268430
-0.249426
-0.230434
-0.211453
-0.192483
-0.173522
-0.154569
-0.135622
-0.116682
-0.097745
-0.078812
-0.059881
-0.040951
-0.022020
-0.003087
0.015849
0.034789
0.053735
0.072687
0.091649
0.110619
0.129601
0.148594
0.167601
0.186623
0.205661
0.224717
0.243790
0.262884
0.281999
0.301136
0.320297
0.339483
0.358694
0.377933
0.397201
0.416498
0.435825
0.455185
0.474577
0.494004
0.513465
0.532963
0.552498
0.572071
0.591684
0.611336
0.631030
0.650766
0.670545
0.690367
0.710235
0.730148
0.750107
0.770113
0.790168
0.810271
0.830423
0.850625
0.870878
0.891183
0.911539
0.931948
0.952410
0.972926
0.993497
1.014122
1.034802
1.055538
1.076330
1.097179
1.118084
1.139047
1.160068
1.181147
1.202284
1.223480
1.244734
1.266048
1.287422
1.308855
1.330348
1.351901
1.373514
1.395188
1.416922
1.438717
1.460572
1.482489
1.504466
1.526505
1.548604
1.570765
1.592987
1.615270
1.637614
1.660019
1.682485
1.705013
1.727602
1.750251
1.772962
1.795734
1.818566
1.841460
1.864414
1.887428
1.910504
1.933639
1.956835
1.980092
2.003408
2.026785
2.050221
2.073717
2.097273
2.120888
2.144563
2.168297
2.192089
2.215941
2.239852
2.263821
2.287849
2.311935
2.336079
2.360281
2.384542
2.408859
2.433235
2.457668
2.482158
2.506705
2.531309
2.555970
2.580687
2.605461
2.630291
2.655177
2.680119
2.705116
2.730170
2.755278
2.780442
2.805661
2.830934
2.856263
2.881645
2.907082
2.932573
2.958118
2.983717
3.009369
3.035074
3.060833
3.086644
3.112508
3.138424
3.164392
3.190413
3.216485
3.242608
3.268783
3.295008
3.321284
3.347610
3.373987
3.400413
3.426889
3.453413
3.479987
3.506609
3.533279
3.559997
3.586763
3.613575
3.640434
3.667340
3.694291
3.721288
3.748329
3.775416
3.802546
3.829720
3.856937
3.884197
3.911499
3.938842
3.966227
3.993652
4.021117
4.048622
4.076165
4.103746
4.131365
4.159021
4.186714
4.214441
4.242204
4.270001
4.297832
4.325696
4.353591
4.381518
4.409476
4.437464
4.465481
4.493526
4.521598
4.549698
4.577823
4.605974
4.634149
4.662347
4.690569
4.718812
4.747076
4.775360
4.803663
4.831985
4.860325
4.888681
4.917054
4.945441
4.973843
5.002258
5.030686
5.059125
5.087576
5.116036
5.144506
5.172985
5.201472
5.229965
5.258465
5.286971
5.315482
5.343997
5.372516
5.401038
5.429562
5.458088
5.486616
5.515145
5.543674
5.572203
5.600731
5.629259
5.657786
5.686311
5.714835
5.743356
5.771876
5.800394
5.828909
5.857422
5.885933
5.914442
5.942949
5.971454
5.999957
6.028460
6.056961
6.085462
6.113963
6.142464
6.170967
6.199471
6.227977
6.256487
6.285001
6.313520
6.342045
6.370577
6.399117
6.427666
6.456226
6.484798
6.513382
6.541982
6.570597
6.599230
6.627882
6.656556
6.685252
6.713972
6.742720
6.771495
6.800301
6.829140
6.858014
6.886924
6.915874
6.944866
6.973901
7.002983
7.032114
7.061297
7.090534
7.119829
7.149183
7.178600
7.208082
7.237633
7.267256
7.296953
7.326727
7.356583
7.386522
7.416549
7.446666
7.476878
7.507186
7.537595
7.568108
7.598729
7.629460
7.660306
7.691271
7.722357
7.753569
7.784910
7.816383
7.847993
7.879743
7.911637
7.943678
7.975871
8.008219
8.040725
8.073393
8.106228
8.139232
8.172410
8.205764
8.239299
8.273018
8.306924
8.341021
8.375313
8.409802
8.444492
8.479386
8.514487
8.549797
8.585321
8.621059
8.657016
8.693194
8.729594
8.766218
8.803070
8.840151
8.877461
8.915004
8.952779
8.990788
9.029031
9.067509
9.106222
9.145171
9.184354
9.223771
9.263421
9.303303
9.343415
9.383755
9.424321
9.465110
9.506118
9.547344
9.588782
9.630428
9.672278
9.714326
9.756568
9.798996
9.841606
9.884389
9.927339
9.970448
10.013708
10.057111
10.100647
10.144307
10.188082
10.231961
10.275934
10.319989
10.364116
10.408304
10.452539
10.496810
10.541105
10.585410
10.629712
10.673999
10.718256
10.762471
10.806629
10.850716
10.894718
10.938622
10.982414
11.026078
11.069601
11.112970
11.156169
11.199186
11.242006
11.284617
11.327003
11.369153
11.411054
11.452693
11.494057
11.535135
11.575915
11.616385
11.656536
11.696355
11.735833
11.774960
11.813727
11.852125
11.890146
11.927781
11.965024
12.001867
12.038304
12.074328
12.109935
12.145118
12.179874
12.214199
12.248088
12.281538
12.314548
12.347113
12.379233
12.410907
12.442132
12.472909
12.503237
12.533117
12.562548
12.591533
12.620071
12.648165
12.675816
12.703027
12.729800
12.756138
12.782044
12.807520
12.832571
12.857200
12.881410
12.905207
12.928593
12.951574
12.974154
12.996338
13.018129
13.039534
13.060557
13.081203
13.101477
13.121385
13.140931
13.160121
13.178960
13.197455
13.215609
13.233428
13.250918
13.268084
13.284932
13.301467
13.317694
13.333619
13.349246
13.364582
13.379631
13.394399
13.408890
13.423111
13.437065
13.450758
13.464195
13.477381
13.490320
13.503018
13.515478
13.527707
13.539707
13.551484
13.563042
13.574386
13.585519
13.596447
13.607172
13.617700
13.628034
13.638178
13.648136
13.657912
13.667509
13.676932
13.686183
13.695267
13.704186
13.712944
13.721545
13.729991
13.738287
13.746434
13.754436
13.762296
13.770017
